 it :       1    |ssh|_max:  0.2916211875218087D+01 |U|_max:  0.9981163300069769D+00 |V|_max:  0.1307725327848167D+01 S_min:  0.4662006718575353D+01 S_max:  0.4113683127178150D+02
 it :       2    |ssh|_max:  0.2993687784161748D+01 |U|_max:  0.2222546780505595D+01 |V|_max:  0.2356596334082419D+01 S_min:  0.4676370208981596D+01 S_max:  0.4113676679086334D+02
 it :       3    |ssh|_max:  0.2980914470480548D+01 |U|_max:  0.3209483574116028D+01 |V|_max:  0.2754499501649306D+01 S_min:  0.4689947538986199D+01 S_max:  0.4113668748285953D+02
