  -8.3287021008138008E-009
  -1.4081983058695861E-008
  -3.3444081915225109E-008
  -6.5447391821339320E-008
  -1.1331294905624573E-007
  -1.8028677376292896E-007
  -2.6963992100345886E-007
  -3.8466892896114284E-007
  -1.4081983058695861E-008
  -1.6878997375658606E-012
  -3.5789891573434205E-012
  -1.0990473748683367E-011
  -2.7519382429810088E-011
  -5.9852387370795181E-011
  -1.1742033478614841E-010
  -2.1291434577510953E-010
  -3.3444081915225102E-008
  -3.5789891573434213E-012
  -2.1738157180800390E-015
  -5.2461578782422740E-015
  -1.9020499115917407E-014
  -5.6622517772346769E-014
  -1.4589434937755076E-013
  -3.3666566328570757E-013
  -6.5447391821339320E-008
  -1.0990473748683367E-011
  -5.2461578782422716E-015
  -1.1485357051088432E-017
  -3.0251530291719999E-017
  -1.2363953011813195E-016
  -4.1935311281763670E-016
  -1.2383490106621092E-015
  -1.1331294905624573E-007
  -2.7519382429810094E-011
  -1.9020499115917398E-014
  -3.0251530291724030E-017
  -5.5891459496301599E-019
  -2.4799258051226129E-018
  -1.6460073708417394E-017
   7.5940871230276590E-017
  -1.8028677376292896E-007
  -5.9852387370795168E-011
  -5.6622517772346769E-014
  -1.2363953011822329E-016
  -2.4799258059007641E-018
  -1.5064184644330302E-017
   1.1732643439286077E-016
   3.7236946446916886E-016
  -2.6963992100345876E-007
  -1.1742033478614839E-010
  -1.4589434937755069E-013
  -4.1935311281782790E-016
  -1.6460073709726117E-017
   1.1732643439101957E-016
   5.6518308334246113E-016
  -1.0746737384098371E-015
  -3.8466892896114278E-007
  -2.1291434577510953E-010
  -3.3666566328570777E-013
  -1.2383490106623378E-015
   7.5940871228983758E-017
   3.7236946450742650E-016
  -1.0746737382481284E-015
  -6.1963988295065593E-015
  -2.2599445904457810E-008
  -3.8204560476427693E-008
  -9.0719401795372943E-008
  -1.7750234242467359E-007
  -3.0727143857832101E-007
  -4.8880710605569605E-007
  -7.3095210668944446E-007
  -1.0426135706202821E-006
  -3.8204560476427693E-008
  -6.2674600720481265E-012
  -1.3275866597311340E-011
  -4.0725453849041280E-011
  -1.0186916801250199E-010
  -2.2133077571404995E-010
  -4.3377230849220525E-010
  -7.8575428893420237E-010
  -9.0719401795372943E-008
  -1.3275866597311343E-011
  -1.0612320940052881E-014
  -2.5508552696747434E-014
  -9.2108722954983313E-014
  -2.7310904817709476E-013
  -7.0092161194949154E-013
  -1.6111943155036293E-012
  -1.7750234242467359E-007
  -4.0725453849041274E-011
  -2.5508552696747421E-014
  -7.0659639648814645E-017
  -1.8458760502064273E-016
  -7.4787755073079905E-016
  -2.5150186059402092E-015
  -7.2951389304536114E-015
  -3.0727143857832111E-007
  -1.0186916801250190E-010
  -9.2108722954983250E-014
  -1.8458760502052581E-016
  -2.7348906379494870E-018
  -4.5668631246456085E-019
   8.1576301270013043E-017
  -3.5956926734510990E-016
  -4.8880710605569605E-007
  -2.2133077571405000E-010
  -2.7310904817709486E-013
  -7.4787755072965757E-016
  -4.5668630641765543E-019
   1.1212768427868280E-016
  -3.7208871747191786E-016
  -1.3906720879385747E-015
  -7.3095210668944457E-007
  -4.3377230849220525E-010
  -7.0092161194949164E-013
  -2.5150186059379622E-015
   8.1576301281093999E-017
  -3.7208871745636537E-016
  -2.1766147366287221E-015
   3.0265778384632039E-015
  -1.0426135706202821E-006
  -7.8575428893420258E-010
  -1.6111943155036263E-012
  -7.2951389304518144E-015
  -3.5956926733322137E-016
  -1.3906720881063786E-015
   3.0265778374869210E-015
   3.0290581035209872E-014
  -4.3997357100847754E-008
  -7.4367448463300133E-008
  -1.7656527202289652E-007
  -3.4542051611150548E-007
  -5.9786798528356931E-007
  -9.5095472767672636E-007
  -1.4218397374375909E-006
  -2.0278001350313246E-006
  -7.4367448463300106E-008
  -1.5661798597071708E-011
  -3.3161517369773381E-011
  -1.0168206159041608E-010
  -2.5423345814890727E-010
  -5.5213043602006715E-010
  -1.0816090907399162E-009
  -1.9584250115868969E-009
  -1.7656527202289657E-007
  -3.3161517369773375E-011
  -3.3161900699363695E-014
  -7.9549180389555439E-014
  -2.8664714974746522E-013
  -8.4823259958169480E-013
  -2.1726808782312014E-012
  -4.9848928096493193E-012
  -3.4542051611150548E-007
  -1.0168206159041610E-010
  -7.9549180389555490E-014
  -2.6746517081873129E-016
  -6.9570372330755766E-016
  -2.7942056427556163E-015
  -9.3596147791145973E-015
  -2.7426709630964225E-014
  -5.9786798528356910E-007
  -2.5423345814890753E-010
  -2.8664714974746552E-013
  -6.9570372330879193E-016
   4.0121214999288576E-018
  -1.2740755765692166E-017
  -3.9660402864171996E-016
   3.0576506687434824E-016
  -9.5095472767672636E-007
  -5.5213043602006725E-010
  -8.4823259958169248E-013
  -2.7942056427631452E-015
  -1.2740755789493203E-017
  -3.5287368411795715E-016
   7.3735352427322984E-016
   4.1133407259602060E-015
  -1.4218397374375905E-006
  -1.0816090907399162E-009
  -2.1726808782312010E-012
  -9.3596147791283866E-015
  -3.9660402869259892E-016
   7.3735352420123948E-016
   5.7949762092888435E-015
   4.8330007163987128E-015
  -2.0278001350313246E-006
  -1.9584250115868961E-009
  -4.9848928096493258E-012
  -2.7426709630973660E-014
   3.0576506681716721E-016
   4.1133407262209450E-015
   4.8330007189769083E-015
  -7.8336477789134641E-014
  -7.2525153636563334E-008
  -1.2257741861691970E-007
  -2.9100263036118227E-007
  -5.6925300127275496E-007
  -9.8520862689158906E-007
  -1.5669264766868572E-006
  -2.3426394906009128E-006
  -3.3407715028225596E-006
  -1.2257741861691973E-007
  -3.1613729325764516E-011
  -6.6918433335324810E-011
  -2.0512507288823243E-010
  -5.1271448212007682E-010
  -1.1131457229291450E-009
  -2.1799543842276533E-009
  -3.9459847054422416E-009
  -2.9100263036118222E-007
  -6.6918433335324836E-011
  -8.0438761287494713E-014
  -1.9262120581397987E-013
  -6.9283610383863571E-013
  -2.0466575510947548E-012
  -5.2334346053892252E-012
  -1.1988068861240839E-011
  -5.6925300127275496E-007
  -2.0512507288823243E-010
  -1.9262120581397990E-013
  -7.6514602883093826E-016
  -1.9766718372484022E-015
  -7.9670713430817010E-015
  -2.6576556346137114E-014
  -7.6533238388547103E-014
  -9.8520862689158927E-007
  -5.1271448212007651E-010
  -6.9283610383863470E-013
  -1.9766718372424471E-015
  -5.1495283317796764E-017
  -7.8878526908104443E-017
   4.4684319937302656E-016
  -9.8346174900753478E-016
  -1.5669264766868572E-006
  -1.1131457229291446E-009
  -2.0466575510947605E-012
  -7.9670713430535213E-015
  -7.8878526838234502E-017
   8.0367727997438171E-016
  -1.0320992177785145E-016
  -4.5557480021148480E-015
  -2.3426394906009133E-006
  -2.1799543842276533E-009
  -5.2334346053892332E-012
  -2.6576556346089208E-014
   4.4684319952367868E-016
  -1.0320992160639707E-016
  -4.1923257803123913E-015
  -3.0883088194265798E-014
  -3.3407715028225605E-006
  -3.9459847054422474E-009
  -1.1988068861240826E-011
  -7.6533238388529963E-014
  -9.8346174888316967E-016
  -4.5557480017881342E-015
  -3.0883088197133478E-014
   1.6036168704143735E-013
  -1.0818277793213291E-007
  -1.8283420814125748E-007
  -4.3403013729192350E-007
  -8.4899640264105859E-007
  -1.4692862113653191E-006
  -2.3367090852714887E-006
  -3.4933288907257476E-006
  -4.9814945750075572E-006
  -1.8283420814125759E-007
  -5.5870287888084436E-011
  -1.1824085212256032E-010
  -3.6236211000894799E-010
  -9.0553975713002947E-010
  -1.9655807323321823E-009
  -3.8485093360901095E-009
  -6.9648601039707067E-009
  -4.3403013729192371E-007
  -1.1824085212256009E-010
  -1.6599839513313879E-013
  -3.9690874554223008E-013
  -1.4254198884021345E-012
  -4.2045883904331972E-012
  -1.0736199083652458E-011
  -2.4560841396499677E-011
  -8.4899640264105859E-007
  -3.6236211000894799E-010
  -3.9690874554223013E-013
  -1.8157647741423966E-015
  -4.7001050266038361E-015
  -1.8722828485374898E-014
  -6.2257208424055299E-014
  -1.8060662798545502E-013
  -1.4692862113653191E-006
  -9.0553975713003061E-010
  -1.4254198884021377E-012
  -4.7001050266203344E-015
  -7.4301918558526208E-018
  -7.0605488180629412E-017
  -1.5422867784042153E-015
  -3.8094021486766183E-015
  -2.3367090852714887E-006
  -1.9655807323321827E-009
  -4.2045883904331924E-012
  -1.8722828485444765E-014
  -7.0605488314493253E-017
  -9.5882490247306925E-016
  -3.1115797493473604E-016
   9.8779674126475721E-016
  -3.4933288907257459E-006
  -3.8485093360901112E-009
  -1.0736199083652431E-011
  -6.2257208424169930E-014
  -1.5422867787828981E-015
  -3.1115797520031139E-016
  -7.5862528745784052E-015
   9.6845683598881628E-014
  -4.9814945750075564E-006
  -6.9648601039707018E-009
  -2.4560841396499674E-011
  -1.8060662798539747E-013
  -3.8094021487256239E-015
   9.8779673978289581E-016
   9.6845683597615109E-014
  -6.3531127982819285E-014
  -1.5097017077012671E-007
  -2.5513755187745165E-007
  -6.0564643455693587E-007
  -1.1846472663072436E-006
  -2.0500934251949864E-006
  -3.2602888993236949E-006
  -4.8738846308222314E-006
  -6.9499350709560839E-006
  -2.5513755187745155E-007
  -9.0176866387419985E-011
  -1.9081838857173917E-010
  -5.8468161375792002E-010
  -1.4608781521195685E-009
  -3.1704886482548779E-009
  -6.2066331088518891E-009
  -1.1230796713928624E-008
  -6.0564643455693545E-007
  -1.9081838857173948E-010
  -3.0625166070363218E-013
  -7.3127715143557282E-013
  -2.6226037291623057E-012
  -7.7260239795867764E-012
  -1.9703752571978186E-011
  -4.5026171864180839E-011
  -1.1846472663072436E-006
  -5.8468161375792002E-010
  -7.3127715143557252E-013
  -3.7846715616409085E-015
  -9.7140694919576228E-015
  -3.8845833440769126E-014
  -1.2906944903250454E-013
  -3.7148228196625940E-013
  -2.0500934251949864E-006
  -1.4608781521195666E-009
  -2.6226037291623049E-012
  -9.7140694919309230E-015
  -1.5706305305443015E-016
  -5.5731673745315404E-016
  -5.6278864551425652E-016
  -6.8839228556556171E-016
  -3.2602888993236949E-006
  -3.1704886482548779E-009
  -7.7260239795867812E-012
  -3.8845833440635751E-014
  -5.5731673718921419E-016
   8.0989600697425077E-016
   3.1538239101896549E-016
   1.3225773509603758E-014
  -4.8738846308222314E-006
  -6.2066331088518842E-009
  -1.9703752571978199E-011
  -1.2906944903225741E-013
  -5.6278864478081861E-016
   3.1538239175312392E-016
   4.3743656236866584E-014
  -1.4990524342972277E-013
  -6.9499350709560839E-006
  -1.1230796713928621E-008
  -4.5026171864181033E-011
  -3.7148228196668289E-013
  -6.8839228597728163E-016
   1.3225773512048978E-014
  -1.4990524342080433E-013
  -4.6002086745098433E-013
  -2.0088727131236753E-007
  -3.3948718229672186E-007
  -8.0585014530916796E-007
  -1.5762020800549849E-006
  -2.7276227941365276E-006
  -4.3376518797828867E-006
  -6.4842825744160190E-006
  -9.2460574862059091E-006
  -3.3948718229672186E-007
  -1.3627838495406140E-010
  -2.8833931684607807E-010
  -8.8336529840926093E-010
  -2.2068769259575372E-009
  -4.7888646270641285E-009
  -9.3735484693558982E-009
  -1.6959275252615180E-008
  -8.0585014530916817E-007
  -2.8833931684607787E-010
  -5.2040340425762001E-013
  -1.2411074156458071E-012
  -4.4454165033148167E-012
  -1.3080886356807025E-011
  -3.3324206585951817E-011
  -7.6079369294408548E-011
  -1.5762020800549849E-006
  -8.8336529840926093E-010
  -1.2411074156458085E-012
  -7.1523413174044768E-015
  -1.8392211745140672E-014
  -7.3140985888426799E-014
  -2.4113978358427354E-013
  -6.9620187438728138E-013
  -2.7276227941365276E-006
  -2.2068769259575381E-009
  -4.4454165033148022E-012
  -1.8392211745159495E-014
  -3.3590854177428636E-016
  -7.9126561319824242E-017
  -3.4258444837149654E-015
  -2.8410882528336519E-014
  -4.3376518797828867E-006
  -4.7888646270641301E-009
  -1.3080886356807006E-011
  -7.3140985888675132E-014
  -7.9126562018316397E-017
   5.0453894386253466E-016
  -5.7832407438823674E-016
  -5.2583523801272494E-014
  -6.4842825744160207E-006
  -9.3735484693559114E-009
  -3.3324206585951888E-011
  -2.4113978358484581E-013
  -3.4258444854938191E-015
  -5.7832407686980264E-016
  -1.1688876868828322E-013
   1.8702918191391922E-014
  -9.2460574862059091E-006
  -1.6959275252615190E-008
  -7.6079369294408574E-011
  -6.9620187438612119E-013
  -2.8410882527637405E-014
  -5.2583523805842460E-014
   1.8702918180044984E-014
   8.4023061845341203E-013
  -2.5793401712192853E-007
  -4.3588282952087169E-007
  -1.0346398744162919E-006
  -2.0236572742755826E-006
  -3.5018666856747986E-006
  -5.5687836083058388E-006
  -8.3244977672190958E-006
  -1.1869825070798630E-005
  -4.3588282952087169E-007
  -1.9591928883167162E-010
  -4.1449056530260130E-010
  -1.2696881183487927E-009
  -3.1716616147938199E-009
  -6.8816453578116012E-009
  -1.3468340207346311E-008
  -2.4365506938722083E-008
  -1.0346398744162919E-006
  -4.1449056530260181E-010
  -8.3039937019992242E-013
  -1.9781618709936913E-012
  -7.0771637347165238E-012
  -2.0803352968562321E-011
  -5.2946094340695315E-011
  -1.2077900696560717E-010
  -2.0236572742755826E-006
  -1.2696881183487927E-009
  -1.9781618709936739E-012
  -1.2571912094279540E-014
  -3.2175836784369485E-014
  -1.2743356636122667E-013
  -4.2596787841643055E-013
  -1.2196933082290128E-012
  -3.5018666856747986E-006
  -3.1716616147938199E-009
  -7.0771637347165496E-012
  -3.2175836784386777E-014
  -2.2564720655973296E-016
  -4.2184274429929563E-015
  -1.4823006485393482E-014
   2.8234530035976767E-015
  -5.5687836083058354E-006
  -6.8816453578116028E-009
  -2.0803352968562363E-011
  -1.2743356636076911E-013
  -4.2184274412044666E-015
  -1.1272079467099215E-014
  -1.3671392136243705E-014
   9.9611706042429811E-014
  -8.3244977672190924E-006
  -1.3468340207346301E-008
  -5.2946094340695017E-011
  -4.2596787841522260E-013
  -1.4823006479638072E-014
  -1.3671392127768128E-014
   1.7089328858689167E-013
   3.1597105810239764E-013
  -1.1869825070798630E-005
  -2.4365506938722063E-008
  -1.2077900696560572E-010
  -1.2196933082307679E-012
   2.8234530058979446E-015
   9.9611706057182899E-014
   3.1597105811950096E-013
  -2.2528747444054717E-013
  -3.2211034418502174E-007
  -5.4432422134261117E-007
  -1.2920142087611399E-006
  -2.5270092228703487E-006
  -4.3728173114462065E-006
  -6.9536692928285050E-006
  -1.0394504448543869E-005
  -1.4821199808160054E-005
  -5.4432422134261117E-007
  -2.7084354550045672E-010
  -5.7295771074174856E-010
  -1.7549182304868278E-009
  -4.3833358921025525E-009
  -9.5097083943547340E-009
  -1.8609952763145018E-008
  -3.3664431516191451E-008
  -1.2920142087611399E-006
  -5.7295771074174815E-010
  -1.2608744578668142E-012
  -3.0004271158612758E-012
  -1.0722928326834650E-011
  -3.1490169082149807E-011
  -8.0076817482973920E-011
  -1.8253828342574970E-010
  -2.5270092228703487E-006
  -1.7549182304868294E-009
  -3.0004271158613420E-012
  -2.0785180589352860E-014
  -5.3128277199177279E-014
  -2.1190235594772171E-013
  -6.8178256145295546E-013
  -1.9620574367393557E-012
  -4.3728173114462065E-006
  -4.3833358921025525E-009
  -1.0722928326834644E-011
  -5.3128277199111797E-014
  -2.4622420674378014E-015
   4.8456579362885494E-015
   3.6796805102176224E-014
  -1.9226249156461679E-014
  -6.9536692928285016E-006
  -9.5097083943547307E-009
  -3.1490169082149846E-011
  -2.1190235594828383E-013
   4.8456579329063595E-015
   5.1554616787477288E-014
   1.0776046144039812E-013
  -4.7325754791466613E-014
  -1.0394504448543879E-005
  -1.8609952763145018E-008
  -8.0076817482974902E-011
  -6.8178256145446503E-013
   3.6796805089740835E-014
   1.0776046142307843E-013
  -3.3768089664490970E-014
  -5.4570782351652888E-013
  -1.4821199808160054E-005
  -3.3664431516191491E-008
  -1.8253828342575280E-010
  -1.9620574367380139E-012
  -1.9226249166518273E-014
  -4.7325754817910771E-014
  -5.4570782356081808E-013
  -1.0122114187158445E-012
  -3.9341618693278102E-007
  -6.6481108324567391E-007
  -1.5779717175390735E-006
  -3.0862542441405880E-006
  -5.3404667296207988E-006
  -8.4922937730183249E-006
  -1.2694276062461164E-005
  -1.8100142394526461E-005
  -6.6481108324567348E-007
  -3.6279464181400360E-010
  -7.6742497191967034E-010
  -2.3503169511450070E-009
  -5.8699813698363871E-009
  -1.2733871762310378E-008
  -2.4917188418246418E-008
  -4.5070703115265873E-008
  -1.5779717175390735E-006
  -7.6742497191967034E-010
  -1.8391081794649654E-012
  -4.3720489884573945E-012
  -1.5609122257890386E-011
  -4.5800694046933504E-011
  -1.1637483861415945E-010
  -2.6513806828641819E-010
  -3.0862542441405880E-006
  -2.3503169511450054E-009
  -4.3720489884573250E-012
  -3.2823987967298151E-014
  -8.3718725911393639E-014
  -3.2658576349270307E-013
  -1.1178729241967816E-012
  -3.2230657834258906E-012
  -5.3404667296207988E-006
  -5.8699813698363838E-009
  -1.5609122257890476E-011
  -8.3718725911496708E-014
   4.2293912655935449E-015
  -1.2193472445877340E-014
  -1.5518525386912624E-013
  -2.7302350917274110E-013
  -8.4922937730183384E-006
  -1.2733871762310351E-008
  -4.5800694046933361E-011
  -3.2658576349267762E-013
  -1.2193472442193290E-014
  -1.1945545110502154E-013
  -3.6163811467961201E-013
  -3.1569255056666093E-013
  -1.2694276062461151E-005
  -2.4917188418246404E-008
  -1.1637483861415544E-010
  -1.1178729241971035E-012
  -1.5518525385580875E-013
  -3.6163811466633153E-013
  -4.6865339944432635E-013
   8.6348591986787306E-014
  -1.8100142394526474E-005
  -4.5070703115265926E-008
  -2.6513806828641312E-010
  -3.2230657834263874E-012
  -2.7302350915648713E-013
  -3.1569255054607895E-013
   8.6348592039239084E-014
   1.3720472520204557E-012
  -4.7185147826294724E-007
  -7.9734313842477005E-007
  -1.8925109525521842E-006
  -3.7013886016651753E-006
  -6.4048068472437566E-006
  -1.0184641525617001E-005
  -1.5223785268702087E-005
  -2.1706612218916186E-005
  -7.9734313842477047E-007
  -4.7351558114956060E-010
  -1.0015752024081088E-009
  -3.0671387099674534E-009
  -7.6596574888973159E-009
  -1.6614892103931775E-008
  -3.2508702432465609E-008
  -5.8798692683991404E-008
  -1.8925109525521876E-006
  -1.0015752024081079E-009
  -2.5949744728302592E-012
  -6.1631424762164419E-012
  -2.1983191245233459E-011
  -6.4451974139433865E-011
  -1.6365725344144268E-010
  -3.7265651715848326E-010
  -3.7013886016651753E-006
  -3.0671387099674517E-009
  -6.1631424762163321E-012
  -4.9722878742509661E-014
  -1.2720296077557550E-013
  -5.1074028412760561E-013
  -1.6058543127362927E-012
  -4.5468130185984761E-012
  -6.4048068472437566E-006
  -7.6596574888973126E-009
  -2.1983191245232974E-011
  -1.2720296077545085E-013
  -2.0243456164158174E-014
  -2.1728662851483161E-014
   1.8341026073210967E-013
   3.7731043894242284E-013
  -1.0184641525616995E-005
  -1.6614892103931802E-008
  -6.4451974139433606E-011
  -5.1074028412624256E-013
  -2.1728662852914411E-014
   1.3422428752018781E-013
   6.5565470531039495E-013
   9.8545344207216609E-013
  -1.5223785268702094E-005
  -3.2508702432465689E-008
  -1.6365725344145276E-010
  -1.6058543127310061E-012
   1.8341026073092320E-013
   6.5565470532433201E-013
   1.2223230344454144E-012
   1.0304771708129816E-012
  -2.1706612218916159E-005
  -5.8798692683991245E-008
  -3.7265651715848998E-010
  -4.5468130185959461E-012
   3.7731043893706742E-013
   9.8545344209313297E-013
   1.0304771707634405E-012
  -6.8306247070417717E-013
  -5.5741614956142358E-007
  -9.4192010780531872E-007
  -2.2356304485004048E-006
  -4.3724085051657649E-006
  -7.5658294225362369E-006
  -1.2030696669673690E-005
  -1.7983003953303512E-005
  -2.5640567343647151E-005
  -9.4192010780531872E-007
  -6.0474888057193354E-010
  -1.2790898826579007E-009
  -3.9166309909146645E-009
  -9.7804009768688117E-009
  -2.1213465765978398E-008
  -4.1503002472771895E-008
  -7.5062458801898063E-008
  -2.2356304485004014E-006
  -1.2790898826579016E-009
  -3.5609149864465860E-012
  -8.4497901140500978E-012
  -3.0113286048388744E-011
  -8.8228039014653919E-011
  -2.2389688753423542E-010
  -5.0964690335148628E-010
  -4.3724085051657649E-006
  -3.9166309909146579E-009
  -8.4497901140504597E-012
  -7.2979602952002305E-014
  -1.8290064438430594E-013
  -7.1136569397803868E-013
  -2.4394045627885318E-012
  -7.1025552375745695E-012
  -7.5658294225362369E-006
  -9.7804009768688514E-009
  -3.0113286048389520E-011
  -1.8290064438444847E-013
   3.6176443441788745E-014
   6.6328416976422709E-014
  -2.0331911051993174E-013
  -7.9493112177601567E-013
  -1.2030696669673696E-005
  -2.1213465765978438E-008
  -8.8228039014655547E-011
  -7.1136569398034654E-013
   6.6328416976621628E-014
   5.4282923529364196E-016
  -6.4005404216057780E-013
  -1.4725578067298985E-012
  -1.7983003953303512E-005
  -4.1503002472771802E-008
  -2.2389688753421898E-010
  -2.4394045627986406E-012
  -2.0331911052901028E-013
  -6.4005404219080069E-013
  -1.6309740566761737E-012
  -2.0802351725424962E-012
  -2.5640567343647178E-005
  -7.5062458801898143E-008
  -5.0964690335147511E-010
  -7.1025552375848866E-012
  -7.9493112179146260E-013
  -1.4725578067593632E-012
  -2.0802351723715909E-012
  -8.1034510418479121E-013
  -6.5011013072376089E-007
  -1.0985417100630240E-006
  -2.6073287232694612E-006
  -5.0993101113595210E-006
  -8.8235260671555221E-006
  -1.4030442971668149E-005
  -2.0971903238997336E-005
  -2.9901964485398079E-005
  -1.0985417100630240E-006
  -7.5823656800645779E-010
  -1.6036491114811011E-009
  -4.9100343039953535E-009
  -1.2260226283098321E-008
  -2.6590224581098146E-008
  -5.2018442090099528E-008
  -9.4075762953482157E-008
  -2.6073287232694612E-006
  -1.6036491114811086E-009
  -4.7718838452122207E-012
  -1.1313913958763245E-011
  -4.0287336917523002E-011
  -1.1795929226724252E-010
  -2.9917587376691144E-010
  -6.8077109210082122E-010
  -5.0993101113595142E-006
  -4.9100343039953684E-009
  -1.1313913958762793E-011
  -1.0410365019978319E-013
  -2.7145472524030912E-013
  -1.0714548947625749E-012
  -3.4037014913348664E-012
  -9.6130311767212810E-012
  -8.8235260671555289E-006
  -1.2260226283098221E-008
  -4.0287336917521658E-011
  -2.7145472524012464E-013
  -8.0618898996283573E-014
  -1.8639402817340257E-013
  -1.0339312419455241E-013
   1.4041013482085164E-013
  -1.4030442971668128E-005
  -2.6590224581098133E-008
  -1.1795929226724086E-010
  -1.0714548947628516E-012
  -1.8639402817950330E-013
  -2.5249396459227246E-013
   1.7608751059258319E-013
   1.0979551363228391E-012
  -2.0971903238997336E-005
  -5.2018442090099343E-008
  -2.9917587376693326E-010
  -3.4037014913268556E-012
  -1.0339312419643053E-013
   1.7608751059179930E-013
   1.1435767657602456E-012
   2.1568453201269758E-012
  -2.9901964485398093E-005
  -9.4075762953481680E-008
  -6.8077109210085410E-010
  -9.6130311766979229E-012
   1.4041013485650624E-013
   1.0979551362440081E-012
   2.1568453197361346E-012
   2.1613499736473604E-012
  -7.4993335017648765E-007
  -1.2672076616432394E-006
  -3.0076042782157362E-006
  -5.8820895247994040E-006
  -1.0177888248414492E-005
  -1.6183863850524266E-005
  -2.4190453495342905E-005
  -3.4490758996815407E-005
  -1.2672076616432386E-006
  -9.3572017947264767E-010
  -1.9789315977753097E-009
  -6.0585820376860747E-009
  -1.5127124022965922E-008
  -3.2805737815499044E-008
  -6.4173215598140218E-008
  -1.1605201539813893E-007
  -3.0076042782157396E-006
  -1.9789315977752874E-009
  -6.2653393362334117E-012
  -1.4843201920322594E-011
  -5.2816343370731100E-011
  -1.5455681889998873E-010
  -3.9184175022068672E-010
  -8.9142297955864894E-010
  -5.8820895247994175E-006
  -6.0585820376860714E-009
  -1.4843201920323027E-011
  -1.4367458310629639E-013
  -3.5322138929809019E-013
  -1.4006780747860964E-012
  -4.7187350398137757E-012
  -1.3692115762077963E-011
  -1.0177888248414479E-005
  -1.5127124022966028E-008
  -5.2816343370733349E-011
  -3.5322138929828174E-013
   9.6176809502178276E-014
   2.2312882070602169E-013
   1.1353372381487634E-013
  -3.4705217635873348E-013
  -1.6183863850524266E-005
  -3.2805737815498673E-008
  -1.5455681889998351E-010
  -1.4006780747784821E-012
   2.2312882072417271E-013
   4.5219230934056324E-013
   2.7399795533817047E-013
  -2.8221485366306861E-013
  -2.4190453495342905E-005
  -6.4173215598140641E-008
  -3.9184175022066811E-010
  -4.7187350398111843E-012
   1.1353372382846777E-013
   2.7399795533373422E-013
  -2.7933252446115088E-013
  -9.8406264009775532E-013
  -3.4490758996815407E-005
  -1.1605201539814004E-007
  -8.9142297955859393E-010
  -1.3692115762123103E-011
  -3.4705217646867641E-013
  -2.8221485373303237E-013
  -9.8406263978423206E-013
  -9.8810503028521001E-013
  -8.5688573489839568E-007
  -1.4479176767801558E-006
  -3.4364555984480153E-006
  -6.7207427987021076E-006
  -1.1628907291460275E-005
  -1.8490942382512772E-005
  -2.7638624348605201E-005
  -3.9406904848673821E-005
  -1.4479176767801549E-006
  -1.1389407560066701E-009
  -2.4086146444640332E-009
  -7.3735005837011009E-009
  -1.8409062470610291E-008
  -3.9920508903833116E-008
  -7.8085361055885632E-008
  -1.4120431048590562E-007
  -3.4364555984480086E-006
  -2.4086146444640481E-009
  -8.0811742014930469E-012
  -1.9130918871901599E-011
  -6.8024310365548595E-011
  -1.9895950337574874E-010
  -5.0420624433898755E-010
  -1.1468836055588162E-009
  -6.7207427987021076E-006
  -7.3735005837010909E-009
  -1.9130918871901024E-011
  -1.9921137076681057E-013
  -5.1505596994788326E-013
  -2.0017859747992235E-012
  -6.4740150061420057E-012
  -1.8430519763365435E-011
  -1.1628907291460282E-005
  -1.8409062470610264E-008
  -6.8024310365549319E-011
  -5.1505596994788407E-013
  -1.2797815066043914E-013
  -2.9916980177591902E-013
  -4.3311134646562004E-013
  -6.5420366427257462E-013
  -1.8490942382512785E-005
  -3.9920508903833566E-008
  -1.9895950337576332E-010
  -2.0017859748161226E-012
  -2.9916980180048307E-013
  -4.8053719310334397E-013
  -3.3197730796433124E-013
  -2.3068079495687283E-014
  -2.7638624348605201E-005
  -7.8085361055885474E-008
  -5.0420624433899147E-010
  -6.4740150061607724E-012
  -4.3311134643881917E-013
  -3.3197730779214575E-013
   1.1618585284581797E-013
   2.0340219400789696E-013
  -3.9406904848673794E-005
  -1.4120431048590562E-007
  -1.1468836055588088E-009
  -1.8430519763296301E-011
  -6.5420366397407732E-013
  -2.3068078860693417E-014
   2.0340219460584903E-013
  -1.9667053829946630E-012
  -9.7096721044165564E-007
  -1.6406714675157848E-006
  -3.8938811531060009E-006
  -7.6152659357633947E-006
  -1.3176574381410812E-005
  -2.0951661306025277E-005
  -3.1316384691239241E-005
  -4.4650354611911830E-005
  -1.6406714675157865E-006
  -1.3696388420685538E-009
  -2.8963741639967141E-009
  -8.8660089666522874E-009
  -2.2133985066949620E-008
  -4.7994974120136151E-008
  -9.3872741087364695E-008
  -1.6974535534128623E-007
  -3.8938811531060009E-006
  -2.8963741639967224E-009
  -1.0261806185056240E-011
  -2.4276893245946531E-011
  -8.6269159645236694E-011
  -2.5221114430628822E-010
  -6.3896288484500741E-010
  -1.4532737734057647E-009
  -7.6152659357633947E-006
  -8.8660089666523006E-009
  -2.4276893245948250E-011
  -2.5976745218436302E-013
  -6.5340589628247241E-013
  -2.5950094208026012E-012
  -8.5730013138855642E-012
  -2.4700497763770548E-011
  -1.3176574381410812E-005
  -2.2133985066949501E-008
  -8.6269159645230387E-011
  -6.5340589628218402E-013
   7.0946136164323732E-014
   1.4849848793523050E-013
  -1.2270861011512217E-014
  -8.5722091608558095E-013
  -2.0951661306025277E-005
  -4.7994974120136627E-008
  -2.5221114430628398E-010
  -2.5950094207766758E-012
   1.4849848795876203E-013
   2.9482986356708221E-013
   4.5183402097472281E-014
  -6.2780957952238148E-013
  -3.1316384691239241E-005
  -9.3872741087364801E-008
  -6.3896288484502064E-010
  -8.5730013138376038E-012
  -1.2270861093142887E-014
   4.5183401779384631E-014
  -7.8032237976594994E-013
  -1.2450109003170118E-012
  -4.4650354611911884E-005
  -1.6974535534128602E-007
  -1.4532737734059384E-009
  -2.4700497763806905E-011
  -8.5722091662024679E-013
  -6.2780958102975719E-013
  -1.2450109021498982E-012
   4.1018004875635819E-013
  -1.0921777009528658E-006
  -1.8454687437187669E-006
  -4.3798793956356568E-006
  -8.5656548889613687E-006
  -1.4820880565494325E-005
  -2.3566003027022058E-005
  -3.5223702695825733E-005
  -5.0221059461657799E-005
  -1.8454687437187652E-006
  -1.6295544790218748E-009
  -3.4458845903666954E-009
  -1.0547319110654036E-008
  -2.6329812324212334E-008
  -5.7089506583941548E-008
  -1.1165308118993208E-007
  -2.0188763773035656E-007
  -4.3798793956356568E-006
  -3.4458845903667103E-009
  -1.2851626569526073E-011
  -3.0382322964691440E-011
  -1.0789561665137005E-010
  -3.1530200084054574E-010
  -7.9860153487844087E-010
  -1.8163489197685726E-009
  -8.5656548889613687E-006
  -1.0547319110654115E-008
  -3.0382322964688092E-011
  -3.4116393862309961E-013
  -8.5220258361036555E-013
  -3.3163579266381325E-012
  -1.0847138426016733E-011
  -3.1002405082402539E-011
  -1.4820880565494325E-005
  -2.6329812324212466E-008
  -1.0789561665137579E-010
  -8.5220258361064747E-013
  -2.6121259101261294E-014
  -1.5155788747925117E-014
   1.1994679818890136E-013
   4.5960817636764747E-013
  -2.3566003027022058E-005
  -5.7089506583940330E-008
  -3.1530200084052009E-010
  -3.3163579266689757E-012
  -1.5155788770281990E-014
   3.3595623987215403E-013
   1.4081569088243950E-012
   3.7579043888767727E-012
  -3.5223702695825733E-005
  -1.1165308118993182E-007
  -7.9860153487842019E-010
  -1.0847138426103535E-011
   1.1994679822890168E-013
   1.4081569091382653E-012
   4.1620433450143218E-012
   8.3418420408868113E-012
  -5.0221059461657744E-005
  -2.0188763773035508E-007
  -1.8163489197682757E-009
  -3.1002405082478872E-011
   4.5960817668007052E-013
   3.7579043905382425E-012
   8.3418420430161649E-012
   1.4316895496302813E-011
  -1.2205171291940114E-006
  -2.0623092131043807E-006
  -4.8944487640958752E-006
  -9.5719055627114673E-006
  -1.6561816756804882E-005
  -2.6333949620157947E-005
  -3.9360545804763367E-005
  -5.6118969068639861E-005
  -2.0623092131043807E-006
  -1.9204272166033319E-009
  -4.0608188269405786E-009
  -1.2428632554368129E-008
  -3.1024417201401146E-008
  -6.7264233533515756E-008
  -1.3154312018012681E-007
  -2.3784017553453265E-007
  -4.8944487640958786E-006
  -4.0608188269405290E-009
  -1.5900004220343997E-011
  -3.7577846439280079E-011
  -1.3340855404796230E-010
  -3.8973828200052156E-010
  -9.8665632599791322E-010
  -2.2419283522959761E-009
  -9.5719055627114605E-006
  -1.2428632554367963E-008
  -3.7577846439281578E-011
  -5.6027467791371853E-013
  -1.5852198843779683E-012
  -6.2152477753332711E-012
  -2.0094454531975818E-011
  -5.5948129290916032E-011
  -1.6561816756804882E-005
  -3.1024417201401252E-008
  -1.3340855404796509E-010
  -1.5852198843779226E-012
  -1.3160301467754469E-012
  -4.3410306189088537E-012
  -1.2434734590604229E-011
  -3.2264909226270892E-011
  -2.6333949620157947E-005
  -6.7264233533516815E-008
  -3.8973828200055423E-010
  -6.2152477753006928E-012
  -4.3410306188722849E-012
  -1.2443986847190066E-011
  -3.1984792740632100E-011
  -7.5074718498950565E-011
  -3.9360545804763367E-005
  -1.3154312018012681E-007
  -9.8665632599790330E-010
  -2.0094454531849253E-011
  -1.2434734590474793E-011
  -3.1984792740720441E-011
  -7.8021636911793596E-011
  -1.7534309362472605E-010
  -5.6118969068639807E-005
  -2.3784017553453371E-007
  -2.2419283522961812E-009
  -5.5948129290644821E-011
  -3.2264909225850820E-011
  -7.5074718499175507E-011
  -1.7534309362553430E-010
  -3.8146013805936309E-010
  -1.3559854165617682E-006
  -2.2911925811393279E-006
  -5.4375876788351497E-006
  -1.0634013785426637E-005
  -1.8399373554620923E-005
  -2.9255482083910772E-005
  -4.3726877212727920E-005
  -6.2344018412130095E-005
  -2.2911925811393262E-006
  -2.2439947760626770E-009
  -4.7448377786478893E-009
  -1.4521018168122170E-008
  -3.6244934565309620E-008
  -7.8577576144997483E-008
  -1.5365569758711159E-007
  -2.7780405073716450E-007
  -5.4375876788351430E-006
  -4.7448377786479058E-009
  -1.9543104038512004E-011
  -4.6411011120043442E-011
  -1.6527719537105853E-010
  -4.8551230438438649E-010
  -1.2371139099573509E-009
  -2.8370163607918667E-009
  -1.0634013785426651E-005
  -1.4521018168122356E-008
  -4.6411011120047966E-011
   1.5853141687753870E-013
   1.8578508788183274E-012
   4.4488681786332454E-012
   5.9084751647171610E-012
  -1.1752459402148320E-011
  -1.8399373554620950E-005
  -3.6244934565309462E-008
  -1.6527719537104488E-010
   1.8578508788185241E-012
   1.4407796147681039E-011
   4.4103583374946155E-011
   1.1429713266483356E-010
   2.4808497223277176E-010
  -2.9255482083910772E-005
  -7.8577576144997113E-008
  -4.8551230438437553E-010
   4.4488681786058063E-012
   4.4103583374899930E-011
   1.2766098145691921E-010
   3.1906974848374391E-010
   6.7935888444789056E-010
  -4.3726877212727920E-005
  -1.5365569758711170E-007
  -1.2371139099573484E-009
   5.9084751646032686E-012
   1.1429713266460413E-010
   3.1906974848354523E-010
   7.7955941892932104E-010
   1.6337085833251124E-009
  -6.2344018412130095E-005
  -2.7780405073716238E-007
  -2.8370163607917939E-009
  -1.1752459402463140E-011
   2.4808497223203986E-010
   6.7935888444691077E-010
   1.6337085833243502E-009
   3.3951895187167902E-009
  -1.4985824831709156E-006
  -2.5321185554298967E-006
  -6.0092946297681362E-006
  -1.1751976184086558E-005
  -2.0333546773549163E-005
  -3.2330605438222299E-005
  -4.8322763702244730E-005
  -6.8896508840583803E-005
  -2.5321185554299001E-006
  -2.6020819156513081E-009
  -5.5026853047636507E-009
  -1.6845361008081716E-008
  -4.2068368256578576E-008
  -9.1252703420201807E-008
  -1.7858048707972774E-007
  -3.2323458661913368E-007
  -6.0092946297681429E-006
  -5.5026853047636938E-009
  -2.2882576300619824E-011
  -4.6791176821969744E-011
  -1.5936022518456222E-010
  -4.4304168156327312E-010
  -1.0911393977248160E-009
  -2.5025837637785656E-009
  -1.1751976184086544E-005
  -1.6845361008081491E-008
  -4.6791176821963127E-011
   8.0938447791372761E-011
   3.3515728425844298E-010
   1.1003000577013117E-009
   3.0094431887262513E-009
   6.8435813028848739E-009
  -2.0333546773549136E-005
  -4.2068368256578073E-008
  -1.5936022518459055E-010
   3.3515728425844164E-010
   1.2892105907254257E-009
   4.0049422303706392E-009
   1.0488910204800654E-008
   2.2982235264131616E-008
  -3.2330605438222299E-005
  -9.1252703420201754E-008
  -4.4304168156326319E-010
   1.1003000577013247E-009
   4.0049422303706665E-009
   1.1975585945217087E-008
   3.0441055240877498E-008
   6.4944540322163637E-008
  -4.8322763702244730E-005
  -1.7858048707972943E-007
  -1.0911393977249963E-009
   3.0094431887262869E-009
   1.0488910204800783E-008
   3.0441055240877696E-008
   7.5578778596067521E-008
   1.5834026994220917E-007
  -6.8896508840583857E-005
  -3.2323458661913643E-007
  -2.5025837637789478E-009
   6.8435813028849442E-009
   2.2982235264131970E-008
   6.4944540322164365E-008
   1.5834026994220996E-007
   3.2819449371124448E-007
  -1.6483082470725102E-006
  -2.7850867862460308E-006
  -6.6095670572401030E-006
  -1.2925779365276975E-005
  -2.2364270352788257E-005
  -3.5559042980626087E-005
  -5.3147134110118001E-005
  -7.5772862255000357E-005
  -2.7850867862460308E-006
  -2.9949478168257631E-009
  -6.3199549372132413E-009
  -1.9284506821646376E-008
  -4.7942436414857560E-008
  -1.0349045454845885E-007
  -2.0136975361939323E-007
  -3.6180612264331056E-007
  -6.6095670572401097E-006
  -6.3199549372131685E-009
   1.4544663250200893E-010
   8.5840093527459520E-010
   3.2993061489255861E-009
   1.0362657715278678E-008
   2.7655697889634836E-008
   6.2639081380731541E-008
  -1.2925779365276975E-005
  -1.9284506821646614E-008
   8.5840093527459437E-010
   4.6426563164013399E-009
   1.7412697234952465E-008
   5.2764474050523147E-008
   1.3878660150537159E-007
   2.9834146069551782E-007
  -2.2364270352788257E-005
  -4.7942436414858937E-008
   3.2993061489256258E-009
   1.7412697234952475E-008
   6.3925870630859410E-008
   1.9572409266041362E-007
   4.8381149315258124E-007
   1.0032798725508772E-006
  -3.5559042980626087E-005
  -1.0349045454845906E-007
   1.0362657715278646E-008
   5.2764474050523173E-008
   1.9572409266041372E-007
   5.6518268876366965E-007
   1.3702908495629387E-006
   2.7557308719171431E-006
  -5.3147134110118001E-005
  -2.0136975361939069E-007
   2.7655697889635243E-008
   1.3878660150537164E-007
   4.8381149315258113E-007
   1.3702908495629383E-006
   3.2106453366978496E-006
   6.2826210728880293E-006
  -7.5772862255000357E-005
  -3.6180612264331162E-007
   6.2639081380732401E-008
   2.9834146069551814E-007
   1.0032798725508772E-006
   2.7557308719171423E-006
   6.2826210728880293E-006
   1.2959334487767502E-005
  -1.8051626273856610E-006
  -3.0500970389677863E-006
  -7.2384060130135277E-006
  -1.4155451656834507E-005
  -2.4491760065592570E-005
  -3.8941872008600004E-005
  -5.8204465628155242E-005
  -8.2988738855194677E-005
  -3.0500970389677863E-006
  -3.4200107552694113E-009
  -7.1744217075704552E-009
  -2.1913157892591970E-008
  -5.4754447883872391E-008
  -1.1987828381238793E-007
  -2.3786398374932895E-007
  -4.3760025964924359E-007
  -7.2384060130135277E-006
  -7.1744217075704949E-009
   8.0944561181854719E-010
   3.0703159331349195E-009
   8.1732085860536390E-009
   1.6279199411352819E-008
   2.4116516927795886E-008
   2.2279666779397027E-008
  -1.4155451656834507E-005
  -2.1913157892592010E-008
   3.0703159331349219E-009
   1.0343744220495952E-008
   2.3162531054934560E-008
   3.4980938807920077E-008
   2.0417857477866927E-008
  -7.3791783646713451E-008
  -2.4491760065592570E-005
  -5.4754447883871173E-008
   8.1732085860536291E-009
   2.3162531054934527E-008
   3.6383230110653581E-008
  -1.5511883914461441E-009
  -2.3268650416838440E-007
  -7.9873720332685840E-007
  -3.8941872008600004E-005
  -1.1987828381238729E-007
   1.6279199411352869E-008
   3.4980938807920037E-008
  -1.5511883914464088E-009
  -3.0519730847742809E-007
  -1.2027434243289102E-006
  -3.3406542250382117E-006
  -5.8204465628155242E-005
  -2.3786398374932916E-007
   2.4116516927795492E-008
   2.0417857477866848E-008
  -2.3268650416838467E-007
  -1.2027434243289098E-006
  -3.8960418449169049E-006
  -9.2817835179222055E-006
  -8.2988738855194460E-005
  -4.3760025964923724E-007
   2.2279666779396590E-008
  -7.3791783646714006E-008
  -7.9873720332685851E-007
  -3.3406542250382091E-006
  -9.2817835179222055E-006
  -2.3893745334935209E-005
  -1.9691453668691489E-006
  -3.3271401696254256E-006
  -7.8957242885053429E-006
  -1.5440472249754711E-005
  -2.6713691427958521E-005
  -4.2470625015606075E-005
  -6.3467584928431206E-005
  -9.0464107160525523E-005
  -3.3271401696254256E-006
  -3.5884401304646898E-009
  -5.7644233511937205E-009
  -1.5014689459749330E-008
  -3.1213546408718568E-008
  -5.5233207909657890E-008
  -8.6590273789811551E-008
  -1.2805280939821593E-007
  -7.8957242885053361E-006
  -5.7644233511937073E-009
   1.6072565359337493E-008
   6.1769392243088577E-008
   1.8124323159015712E-007
   4.3957357343766992E-007
   9.3127783577915400E-007
   1.7352415824849810E-006
  -1.5440472249754711E-005
  -1.5014689459748933E-008
   6.1769392243088551E-008
   2.2584457848440004E-007
   6.4203264185790820E-007
   1.5200544307732798E-006
   3.1601016343539338E-006
   5.7864340888958519E-006
  -2.6713691427958521E-005
  -3.1213546408718992E-008
   1.8124323159015710E-007
   6.4203264185790820E-007
   1.7971368163542070E-006
   4.2212236663576703E-006
   8.7945964550306575E-006
   1.6082063265650727E-005
  -4.2470625015606129E-005
  -5.5233207909658526E-008
   4.3957357343766992E-007
   1.5200544307732796E-006
   4.2212236663576711E-006
   9.9469655392728863E-006
   2.0734009724620792E-005
   3.8231310643167128E-005
  -6.3467584928431206E-005
  -8.6590273789812187E-008
   9.3127783577915431E-007
   3.1601016343539338E-006
   8.7945964550306626E-006
   2.0734009724620792E-005
   4.3504188540261571E-005
   8.0032241483771804E-005
  -9.0464107160525848E-005
  -1.2805280939822736E-007
   1.7352415824849810E-006
   5.7864340888958519E-006
   1.6082063265650730E-005
   3.8231310643167114E-005
   8.0032241483771831E-005
   1.4786685071793365E-004
  -2.1402458054461436E-006
  -3.6159205050185650E-006
  -8.5795900646269750E-006
  -1.6772939928025299E-005
  -2.9006246380909638E-005
  -4.6087854545894707E-005
  -6.8822223824827988E-005
  -9.8014912108934063E-005
  -3.6159205050185650E-006
   2.5342867181705857E-009
   2.6919138964135009E-008
   9.4827266290394200E-008
   2.5647898540917674E-007
   5.7505925819870982E-007
   1.1280965842063632E-006
   1.9613757597708036E-006
  -8.5795900646269750E-006
   2.6919138964134910E-008
   1.8062634963377129E-007
   5.8678076164065562E-007
   1.4898564976789892E-006
   3.1906818104265248E-006
   6.0474240785106289E-006
   1.0236506164675555E-005
  -1.6772939928025299E-005
   9.4827266290394054E-008
   5.8678076164065562E-007
   1.8254994069925781E-006
   4.5044126851400872E-006
   9.4412424086364817E-006
   1.7598668739972435E-005
   2.9286346667705244E-005
  -2.9006246380909638E-005
   2.5647898540917674E-007
   1.4898564976789892E-006
   4.5044126851400872E-006
   1.0898839184881444E-005
   2.2525958813021961E-005
   4.1549240970488882E-005
   6.8459884158886191E-005
  -4.6087854545894653E-005
   5.7505925819871035E-007
   3.1906818104265256E-006
   9.4412424086364784E-006
   2.2525958813021958E-005
   4.6103512377588602E-005
   8.4314923213458446E-005
   1.3795301386809031E-004
  -6.8822223824827988E-005
   1.1280965842063658E-006
   6.0474240785106281E-006
   1.7598668739972425E-005
   4.1549240970488848E-005
   8.4314923213458419E-005
   1.5294637797453096E-004
   2.4938531927516281E-004
  -9.8014912108934063E-005
   1.9613757597708104E-006
   1.0236506164675555E-005
   2.9286346667705237E-005
   6.8459884158886191E-005
   1.3795301386809039E-004
   2.4938531927516270E-004
   4.2170736942679407E-004
  -2.3178278023634219E-006
  -3.9062156948286629E-006
  -9.2385246359256404E-006
  -1.7977887279101721E-005
  -3.0903853729707953E-005
  -4.8743267080627543E-005
  -7.2160604988292794E-005
  -1.0175237175894197E-004
  -3.9062156948286629E-006
   1.1796909686639343E-007
   5.1215082574610121E-007
   1.5153079005180873E-006
   3.5799557538563718E-006
   7.2576223552834474E-006
   1.3178389229185159E-005
   2.1733439871721604E-005
  -9.2385246359256404E-006
   5.1215082574610142E-007
   2.1035481172184344E-006
   5.9719976201478183E-006
   1.3658419147831766E-005
   2.6957960715457864E-005
   4.7853286706135203E-005
   7.7014516729163667E-005
  -1.7977887279101721E-005
   1.5153079005180868E-006
   5.9719976201478183E-006
   1.6500188825779168E-005
   3.7017060261947987E-005
   7.2072811040117468E-005
   1.2672772401667464E-004
   2.0198870633375687E-004
  -3.0903853729707953E-005
   3.5799557538563731E-006
   1.3658419147831762E-005
   3.7017060261947974E-005
   8.2080764182458646E-005
   1.5870902161122831E-004
   2.7798772464281770E-004
   4.4165214308115658E-004
  -4.8743267080627543E-005
   7.2576223552834440E-006
   2.6957960715457847E-005
   7.2072811040117468E-005
   1.5870902161122837E-004
   3.0587535943114050E-004
   5.3497697088191582E-004
   8.4969850767464068E-004
  -7.2160604988292794E-005
   1.3178389229185156E-005
   4.7853286706135203E-005
   1.2672772401667467E-004
   2.7798772464281780E-004
   5.3497697088191571E-004
   9.3465252116724901E-004
   1.4833442417669907E-003
  -1.0175237175894197E-004
   2.1733439871721611E-005
   7.7014516729163667E-005
   2.0198870633375684E-004
   4.4165214308115668E-004
   8.4969850767464058E-004
   1.4833442417669916E-003
   2.3188770792009084E-003
  -2.4665046713507704E-006
  -3.8883466441331306E-006
  -8.6985841891179961E-006
  -1.5849039033708384E-005
  -2.5274594456887621E-005
  -3.6650858843524235E-005
  -4.9423974417177850E-005
  -6.3100902256730770E-005
  -3.8883466441331306E-006
   2.0881743161909384E-006
   7.1514678346963899E-006
   1.8069531593238226E-005
   3.7758847501296057E-005
   6.9306243252887888E-005
   1.1582533618854709E-004
   1.7855049369753205E-004
  -8.6985841891180096E-006
   7.1514678346963899E-006
   2.3585474793904447E-005
   5.7885150757833340E-005
   1.1818419395630722E-004
   2.1285589881818041E-004
   3.5017808867118599E-004
   5.3066524708016540E-004
  -1.5849039033708384E-005
   1.8069531593238226E-005
   5.7885150757833347E-005
   1.3926893129989951E-004
   2.8039891745981554E-004
   5.0007299279521003E-004
   8.1707586584097770E-004
   1.2294364203179191E-003
  -2.5274594456887621E-005
   3.7758847501296057E-005
   1.1818419395630722E-004
   2.8039891745981559E-004
   5.5969669458839260E-004
   9.9296272259173646E-004
   1.6172411823316209E-003
   2.4265003527452495E-003
  -3.6650858843524344E-005
   6.9306243252887888E-005
   2.1285589881818044E-004
   5.0007299279521014E-004
   9.9296272259173646E-004
   1.7566792532680770E-003
   2.8558463171845625E-003
   4.2805642239318320E-003
  -4.9423974417177850E-005
   1.1582533618854709E-004
   3.5017808867118599E-004
   8.1707586584097770E-004
   1.6172411823316209E-003
   2.8558463171845629E-003
   4.6340328924117371E-003
   6.9450609068448261E-003
  -6.3100902256730661E-005
   1.7855049369753202E-004
   5.3066524708016540E-004
   1.2294364203179191E-003
   2.4265003527452495E-003
   4.2805642239318320E-003
   6.9450609068448270E-003
   1.0499547755796743E-002
  -7.4253698594174976E-007
   3.9626686397887465E-006
   1.3959855704060567E-005
   3.4869261612294715E-005
   7.1507754456883935E-005
   1.2890165273122460E-004
   2.1213828895512421E-004
   3.2479833614459084E-004
   3.9626686397887398E-006
   3.4180933815254352E-005
   9.4264533706012060E-005
   2.0317860437020052E-004
   3.7516324909690784E-004
   6.2310769092834993E-004
   9.5835417711799791E-004
   1.3815333885573680E-003
   1.3959855704060581E-005
   9.4264533706012060E-005
   2.5372945525680703E-004
   5.3656184565503131E-004
   9.7555955727175801E-004
   1.5997719161469888E-003
   2.4342914182045950E-003
   3.4683659674955383E-003
   3.4869261612294715E-005
   2.0317860437020049E-004
   5.3656184565503131E-004
   1.1192688311610446E-003
   2.0145758428442126E-003
   3.2787767661171694E-003
   4.9607087607904899E-003
   7.0257240657858357E-003
   7.1507754456883935E-005
   3.7516324909690784E-004
   9.7555955727175801E-004
   2.0145758428442126E-003
   3.6010087582148127E-003
   5.8319595922216756E-003
   8.7901180337980594E-003
   1.2403156035731257E-002
   1.2890165273122460E-004
   6.2310769092834993E-004
   1.5997719161469884E-003
   3.2787767661171703E-003
   5.8319595922216756E-003
   9.4110350705381048E-003
   1.4137399608451034E-002
   1.9888904922478003E-002
   2.1213828895512421E-004
   9.5835417711799791E-004
   2.4342914182045950E-003
   4.9607087607904891E-003
   8.7901180337980594E-003
   1.4137399608451038E-002
   2.1151030905492321E-002
   2.9633746833242589E-002
   3.2479833614459095E-004
   1.3815333885573680E-003
   3.4683659674955383E-003
   7.0257240657858357E-003
   1.2403156035731260E-002
   1.9888904922478010E-002
   2.9633746833242589E-002
   4.1248518476663124E-002
   5.3569740009887516E-005
   1.7311627996732812E-004
   3.9400100251633089E-004
   7.4088152112502170E-004
   1.2349714448912496E-003
   1.8945659966678287E-003
   2.7354354372132296E-003
   3.7655171736873196E-003
   1.7311627996732812E-004
   5.3716626951630527E-004
   1.1901471017962870E-003
   2.1827201571910358E-003
   3.5534740519508894E-003
   5.3297474057823280E-003
   7.5296103375129819E-003
   1.0133695439957345E-002
   3.9400100251633089E-004
   1.1901471017962870E-003
   2.6036857054490309E-003
   4.7232288428675582E-003
   7.6151481142478911E-003
   1.1321295761375005E-002
   1.5863730615377367E-002
   2.1162482859236529E-002
   7.4088152112502170E-004
   2.1827201571910362E-003
   4.7232288428675582E-003
   8.4876317522008249E-003
   1.3568740666113037E-002
   2.0013971394378108E-002
   2.7834199986433196E-002
   3.6832953059507928E-002
   1.2349714448912496E-003
   3.5534740519508902E-003
   7.6151481142478911E-003
   1.3568740666113037E-002
   2.1524055898726139E-002
   3.1515543453139359E-002
   4.3518161325291127E-002
   5.7170395531221739E-002
   1.8945659966678290E-003
   5.3297474057823280E-003
   1.1321295761375003E-002
   2.0013971394378108E-002
   3.1515543453139359E-002
   4.5818343318548359E-002
   6.2828377123847118E-002
   8.2005919978050484E-002
   2.7354354372132296E-003
   7.5296103375129819E-003
   1.5863730615377367E-002
   2.7834199986433196E-002
   4.3518161325291127E-002
   6.2828377123847118E-002
   8.5567452397870475E-002
  0.11107974354617527     
   3.7655171736873196E-003
   1.0133695439957345E-002
   2.1162482859236529E-002
   3.6832953059507928E-002
   5.7170395531221725E-002
   8.2005919978050484E-002
  0.11107974354617527     
  0.14390512376243875     
   1.5705265659827707E-003
   3.4620922856760414E-003
   6.0844408731975819E-003
   9.4036994090392692E-003
   1.3401650632535681E-002
   1.8062506776543651E-002
   2.3372679508755299E-002
   2.9327976907272964E-002
   3.4620922856760414E-003
   7.5264689665144819E-003
   1.3107948477536964E-002
   2.0094573883259973E-002
   2.8430141262624185E-002
   3.8070804907114675E-002
   4.8983447330589805E-002
   6.1185294207708726E-002
   6.0844408731975819E-003
   1.3107948477536964E-002
   2.2716698274338792E-002
   3.4675699941592156E-002
   4.8875768051562157E-002
   6.5235464201999174E-002
   8.3696922773589991E-002
  0.10434942992856486     
   9.4036994090392692E-003
   2.0094573883259973E-002
   3.4675699941592156E-002
   5.2735263886840404E-002
   7.4094080160495943E-002
   9.8624055907299099E-002
  0.12624036673358702     
  0.15717459375859383     
   1.3401650632535681E-002
   2.8430141262624185E-002
   4.8875768051562157E-002
   7.4094080160495943E-002
  0.10382036029693453     
  0.13787387981044441     
  0.17614588618122309     
  0.21907352625107093     
   1.8062506776543651E-002
   3.8070804907114675E-002
   6.5235464201999174E-002
   9.8624055907299099E-002
  0.13787387981044441     
  0.18275174444370779     
  0.23313815276981265     
  0.28969924741475012     
   2.3372679508755299E-002
   4.8983447330589805E-002
   8.3696922773589991E-002
  0.12624036673358702     
  0.17614588618122309     
  0.23313815276981265     
  0.29711698982919416     
  0.36893152626779957     
   2.9327976907272964E-002
   6.1185294207708726E-002
  0.10434942992856486     
  0.15717459375859383     
  0.21907352625107096     
  0.28969924741475012     
  0.36893152626779957     
  0.45756896189538199     
